# x_max_time   x_max_displacement   x_min_time   x_min_displacement   x_max_error_percentage   x_min_error_percentage
2.535168	1.136877191	1.601159	-1.272726773	0	0
4.536617	1.077713432	3.535892	-1.284143898	0	0
6.571423	1.05259141	7.572147	-1.186029226	0	0
8.572871	1.042973296	9.606953	-1.141862078	0	0
10.60768	1.010036748	11.6084	-1.142094129	0	0
12.60913	0.966178573	13.60985	-1.076511721	0	0
14.64393	0.971257337	15.6113	-1.034554231	0	0
16.64538	0.956126483	17.6461	-0.996478908	0	0
18.64683	0.924697861	19.64755	-0.990145141	0	0
20.64828	0.886664548	21.649	-0.964310362	0	0
22.64973	0.866406688	23.65045	-0.960967459	0	0
24.65117	0.842638143	25.6519	-0.911246624	0	0
26.65262	0.855289883	27.65335	-0.881649754	0	0
28.65407	0.83866707	29.6548	-0.862110357	0	0
30.65552	0.82425443	31.65624	-0.828629278	0	0
32.65697	0.81183328	33.65769	-0.815961517	0	0
34.65842	0.80066529	35.65914	-0.797186241	0	0
36.65986	0.783300878	37.62723	-0.786860818	0	0
38.62796	0.756702803	39.62868	-0.801536144	0	0
40.6294	0.730603793	41.63013	-0.792310344	0	0
42.63085	0.72237646	43.63158	-0.760119324	0	0
44.6323	0.724058659	45.59967	-0.734921833	0	0
46.60039	0.695040658	47.60112	-0.74077704	0	0
48.60184	0.694268727	49.60257	-0.705751102	0	0
50.56993	0.699301559	51.57066	-0.695492297	0	0
52.57138	0.688166744	53.5721	-0.681978753	0	0
54.57283	0.675261421	55.5402	-0.67220266	0	0
56.54092	0.646722019	57.54164	-0.694331439	0	0
58.54237	0.626761653	59.50974	-0.679623391	0	0
60.51046	0.61971621	61.47783	-0.658365588	0	0
62.47855	0.610622741	63.47927	-0.645366477	0	0
64.48	0.60620669	65.48072	-0.636113176	0	0
66.44809	0.601467176	67.44881	-0.62697122	0	0
68.44954	0.594585641	69.45026	-0.613171935	0	0
70.41763	0.57496086	71.41835	-0.60914052	0	0
72.41908	0.565910819	73.38644	-0.611193132	0	0
74.38717	0.555195172	75.38789	-0.602766513	0	0
76.38862	0.545193899	77.35598	-0.590695932	0	0
78.35671	0.538681739	79.32408	-0.581711313	0	0
80.3248	0.533759325	81.32552	-0.575321855	0	0
82.29289	0.520271296	83.29361	-0.565955246	0	0
84.29434	0.521366989	85.29506	-0.544471532	0	0
86.26243	0.514662516	87.26315	-0.547388437	0	0
88.23052	0.511294411	89.23125	-0.528039978	0	0
90.19861	0.497788045	91.19934	-0.523001321	0	0
92.1667	0.494209281	93.16743	-0.518156631	0	0
94.16815	0.488125479	95.13552	-0.513933485	0	0
96.13624	0.485882641	97.13697	-0.501474676	0	0
98.10433	0.484529046	99.10506	-0.486297344	0	0
100.0724	0.481934147	101.0731	-0.477232173	0	0
102.0405	0.474350276	103.0412	-0.470536853	0	0
104.042	0.466608731	105.0093	-0.476466322	0	0
106.0101	0.455983207	106.9774	-0.469942478	0	0
107.9781	0.450288172	108.9455	-0.471932587	0	0
109.9462	0.447901203	110.947	-0.437781065	0	0
111.9143	0.460519572	112.9151	-0.428461434	0	0
113.8157	0.438838374	114.0158	0.438465272	0	0
113.9825	0.438614843	114.0826	0.43592173	0	0
114.0492	0.438706124	114.1826	0.438553019	0	0
114.1159	0.438882407	114.2494	0.438553019	0	0
114.216	0.438624507	114.8164	0.438553019	0	0
114.3161	0.438964187	114.8831	0.438854483	0	0
114.4829	0.438976922	114.9499	0.438553019	0	0
114.7831	0.438900052	115.0166	0.438803853	0	0
114.8498	0.438887931	115.3835	0.438587536	0	0
114.9165	0.438875503	116.1174	0.438560996	0	0
114.9832	0.438994568	116.2508	0.438372161	0	0
115.0499	0.438991499	116.8512	-0.433841275	0	0
115.3168	0.438859086	118.8193	-0.432251925	0	0
115.4502	0.438774242	120.7874	-0.431149231	0	0
115.5837	0.438742791	122.7555	-0.425546814	0	0
115.7838	0.438615916	124.7236	-0.421075324	0	0
116.0507	0.438938103	126.6917	-0.424622163	0	0
116.1507	0.438852642	128.6598	-0.413609361	0	0
116.2842	0.450040436	130.6279	-0.409054578	0	0
117.8186	0.423875863	132.596	-0.401583086	0	0
119.82	0.424283043	134.5974	-0.38725929	0	0
121.7881	0.412060182	136.5655	-0.390877934	0	0
123.7562	0.407720566	138.5336	-0.392222769	0	0
125.7243	0.404745829	140.5017	-0.386163511	0	0
127.6924	0.392464317	142.4698	-0.384932747	0	0
129.6605	0.391315262	144.4379	-0.383532451	0	0
131.6286	0.39005277	146.406	-0.375732052	0	0
133.5967	0.386949117	148.374	-0.370977711	0	0
135.5648	0.382437725	150.3421	-0.369307961	0	0
137.5329	0.376517516	152.3102	-0.364933105	0	0
139.501	0.367210088	154.2783	-0.358397967	0	0
141.4691	0.362492324	156.2464	-0.353820201	0	0
143.4371	0.358063543	158.2145	-0.355284025	0	0
145.4052	0.353451852	160.1826	-0.353447558	0	0
147.3733	0.347236511	162.1507	-0.344162273	0	0
149.3414	0.344303916	164.1188	-0.342474325	0	0
151.3095	0.342613965	166.0869	-0.339251545	0	0
153.2776	0.342603495	168.055	-0.334532077	0	0
155.2457	0.337700926	170.023	-0.331395502	0	0
157.2138	0.331586307	171.9578	-0.322476075	0	0
159.1819	0.325548445	173.9259	-0.316645906	0	0
161.15	0.325525138	175.894	-0.313262388	0	0
163.1181	0.318969195	177.8621	-0.313133624	0	0
165.0861	0.314111313	179.8301	-0.305507072	0	0
167.0542	0.314120075	181.7982	-0.303576863	0	0
169.0223	0.312258405	183.7663	-0.297172025	0	0
170.9904	0.309250588	185.7344	-0.2998137	0	0
172.9585	0.310628756	187.7025	-0.293565713	0	0
174.9266	0.30891467	189.6706	-0.296449603	0	0
176.8947	0.305694069	191.6387	-0.290092471	0	0
178.8628	0.29920842	193.6068	-0.286600817	0	0
180.8309	0.300625569	195.5415	-0.283401047	0	0
182.799	0.301919545	197.5096	-0.275577012	0	0
184.7337	0.296076545	199.4777	-0.273997041	0	0
186.7018	0.286622102	201.4458	-0.269077765	0	0
188.6699	0.284867339	203.4139	-0.270091317	0	0
190.638	0.283123602	205.382	-0.272644617	0	0
192.6061	0.284680943	207.3501	-0.269530759	0	0
194.5742	0.279365531	209.3182	-0.267723442	0	0
196.5422	0.27625444	211.2862	-0.267140641	0	0
198.5103	0.27755351	213.2543	-0.260928689	0	0
200.4784	0.277188879	215.1891	-0.262262397	0	0
202.4465	0.278278841	217.1905	-0.251611602	0	0
204.3812	0.268990746	219.1253	-0.250844608	0	0
206.3493	0.265693906	221.0933	-0.243095147	0	0
208.3508	0.25952849	223.0614	-0.242816262	0	0
210.3189	0.253192527	225.0295	-0.242581893	0	0
212.2536	0.256942034	226.9976	-0.243466499	0	0
214.2217	0.256699496	228.9657	-0.244639595	0	0
216.1898	0.256631289	230.9338	-0.239923372	0	0
218.1579	0.248508561	232.9019	-0.241100734	0	0
220.126	0.250013402	234.8366	-0.235903898	0	0
222.0941	0.252420344	236.8047	-0.234012343	0	0
224.0622	0.247758506	238.7728	-0.229419592	0	0
225.9969	0.24399976	240.7409	-0.229005426	0	0
227.965	0.239116876	242.709	-0.228193184	0	0
229.9331	0.234405579	244.6771	-0.220655529	0	0
231.9012	0.227992857	246.6452	-0.220289161	0	0
233.8693	0.226356793	248.5799	-0.21944751	0	0
235.804	0.228840712	250.548	-0.223309541	0	0
237.8054	0.228542247	252.5161	-0.215884264	0	0
239.7402	0.226176503	254.4842	-0.213957292	0	0
241.7083	0.222838708	256.4523	-0.21654336	0	0
243.6764	0.222599323	258.4204	-0.208769616	0	0
245.6444	0.223853069	260.3551	-0.206201195	0	0
247.6125	0.218742035	262.3232	-0.200079051	0	0
249.5806	0.218405841	264.2913	-0.201019001	0	0
251.5487	0.216685288	266.2594	-0.201846993	0	0
253.4835	0.215661174	268.2275	-0.198732224	0	0
255.4515	0.212423115	270.1955	-0.197056462	0	0
257.4196	0.212187832	272.1303	-0.198894306	0	0
259.3877	0.20906379	274.0984	-0.201450345	0	0
261.3558	0.211394125	276.0665	-0.195432514	0	0
263.3239	0.210694718	278.0346	-0.197219481	0	0
265.2586	0.20689653	280.0026	-0.200113488	0	0
267.2267	0.209361533	281.9707	-0.199898792	0	0
269.1948	0.206268737	283.9055	-0.193008889	0	0
271.1629	0.200142115	285.8736	-0.188102859	0	0
273.131	0.196531043	287.8417	-0.184856718	0	0
275.0991	0.196117119	289.8097	-0.182672017	0	0
277.0338	0.193475774	291.7778	-0.178038947	0	0
279.0019	0.190087259	293.7126	-0.178122067	0	0
280.97	0.187068321	295.6807	-0.181073287	0	0
282.9381	0.186715935	297.6487	-0.177759961	0	0
284.9062	0.18902221	299.6168	-0.174087159	0	0
286.8743	0.190254581	301.5849	-0.17520274	0	0
288.809	0.187459748	303.5197	-0.178324157	0	0
290.7771	0.185784832	305.4878	-0.175089903	0	0
292.7452	0.188229963	307.4558	-0.167673035	0	0
294.7133	0.183618117	309.4239	-0.16739737	0	0
296.6814	0.180231533	311.392	-0.169879949	0	0
298.6161	0.180334875	313.3268	-0.166766361	0	0
300.5842	0.178544461	315.2949	-0.165034245	0	0
302.5523	0.173962217	317.2629	-0.16329714	0	0
304.5204	0.173301448	319.231	-0.168560971	0	0
306.4885	0.17606193	321.1991	-0.165284878	0	0
308.4566	0.175914796	323.1339	-0.159253694	0	0
310.3913	0.171317907	325.102	-0.156411561	0	0
312.3594	0.170963705	327.07	-0.158918489	0	0
314.3275	0.169413954	329.0381	-0.160150101	0	0
316.2956	0.170036088	331.0062	-0.156455852	0	0
318.2303	0.165934038	332.941	-0.153686368	0	0
320.1984	0.161065353	334.909	-0.154798882	0	0
322.1665	0.163693819	336.8771	-0.148712113	0	0
324.1346	0.163443252	338.8452	-0.145566455	0	0
326.1027	0.161527884	340.8133	-0.149438222	0	0
328.0374	0.160030095	342.7481	-0.154721428	0	0
330.0055	0.158107207	344.7161	-0.148931482	0	0
331.9736	0.156387799	346.6842	-0.145843136	0	0
333.9417	0.156291204	348.6523	-0.143852849	0	0
335.9098	0.158376123	350.6204	-0.143355648	0	0
337.8445	0.158461356	352.5885	-0.144727774	0	0
339.8126	0.156688137	354.5232	-0.147398295	0	0
341.7807	0.14921378	356.4913	-0.145517184	0	0
343.7488	0.148675599	358.4594	-0.145349581	0	0
345.7169	0.149748212	360.4275	-0.143295868	0	0
347.6516	0.152518541	362.3622	-0.1416475	0	0
349.6531	0.14919215	364.3303	-0.138591016	0	0
351.5878	0.150513767	366.2984	-0.141259738	0	0
353.5559	0.144321174	368.2665	-0.140789094	0	0
355.524	0.141301263	370.2013	-0.134614945	0	0
357.4587	0.138200897	372.2027	-0.127234402	0	0
359.4268	0.139222936	374.1374	-0.131299992	0	0
361.3949	0.137539201	376.1055	-0.136702879	0	0
363.363	0.138261194	378.0736	-0.133569029	0	0
365.2977	0.138170328	380.0084	-0.125919718	0	0
367.2992	0.133683942	381.9764	-0.121365642	0	0
369.2339	0.134647742	383.9445	-0.123929205	0	0
371.202	0.138750463	385.946	-0.129394242	0	0
373.1701	0.139985213	387.8807	-0.127437155	0	0
375.1048	0.133604063	389.8488	-0.122692313	0	0
377.0729	0.13054548	391.7835	-0.121154788	0	0
379.0743	0.134564209	393.7516	-0.123845368	0	0
381.0424	0.137102871	395.7197	-0.125943657	0	0
382.9438	0.135170548	397.6878	-0.122980317	0	0
384.9119	0.133374941	399.6225	-0.12120166	0	0
386.9134	0.126019816	401.5906	-0.118105633	0	0
388.8481	0.128553789	403.5587	-0.119417933	0	0
390.8495	0.1299122	405.5268	-0.121648282	0	0
392.7843	0.129356146	407.4616	-0.1199933	0	0
394.719	0.12321347	409.463	-0.11820144	0	0
396.7204	0.121553974	411.3977	-0.119453184	0	0
398.6552	0.124175263	413.3658	-0.117349147	0	0
400.5899	0.125055001	415.3339	-0.115700327	0	0
402.5914	0.124759085	417.302	-0.114076287	0	0
404.5595	0.118754764	419.2367	-0.110866561	0	0
406.5275	0.121426787	421.2048	-0.112930442	0	0
408.4623	0.120763317	423.1729	-0.111460645	0	0
410.4304	0.119407301	425.1077	-0.106829752	0	0
412.3985	0.117319499	427.0758	-0.106677496	0	0
414.3666	0.120135295	429.0772	-0.106493396	0	0
416.3346	0.117044278	431.0119	-0.104629408	0	0
418.2694	0.114936643	432.98	-0.106973628	0	0
420.2375	0.116176719	434.9148	-0.109582798	0	0
422.2056	0.114331701	436.8828	-0.109414149	0	0
424.1403	0.115605527	438.8843	-0.10480649	0	0
426.1417	0.114096977	440.819	-0.10412765	0	0
428.0765	0.116481977	442.7871	-0.098450768	0	0
430.0112	0.115886154	444.7552	-0.102263985	0	0
432.0127	0.11288068	446.7233	-0.103449277	0	0
433.9807	0.1097569	448.658	-0.108404976	0	0
435.9488	0.106638804	450.5928	-0.102588463	0	0
437.8836	0.111709414	452.5942	-0.097951697	0	0
439.8517	0.112890884	454.529	-0.102158155	0	0
441.7864	0.114013238	456.497	-0.10435681	0	0
443.7545	0.110505183	458.4318	-0.096933115	0	0
445.7226	0.110563875	460.4332	-0.097978911	0	0
447.6907	0.104389488	462.4013	-0.097908155	0	0
449.6588	0.104435154	464.3694	-0.097526055	0	0
451.5935	0.109177878	466.3041	-0.096900741	0	0
453.5616	0.104861514	468.2722	-0.095300301	0	0
455.5297	0.101673278	470.2403	-0.095027678	0	0
457.4978	0.099917002	472.2084	-0.096354443	0	0
459.4659	0.099888806	474.1431	-0.098348887	0	0
461.4006	0.100374014	476.1112	-0.096850924	0	0
463.3687	0.100236099	478.0793	-0.093689643	0	0
465.3368	0.097044472	480.0474	-0.09355363	0	0
467.3049	0.098348747	482.0155	-0.093371446	0	0
469.2396	0.098920275	483.9502	-0.095406617	0	0
471.1743	0.097247373	485.9183	-0.095101763	0	0
473.1758	0.093025082	487.8864	-0.092108519	0	0
475.1439	0.092737732	489.8212	-0.08982254	0	0
477.112	0.09530644	491.7893	-0.086908112	0	0
479.0467	0.094608992	493.7573	-0.090947688	0	0
481.0148	0.094238453	495.7254	-0.089263215	0	0
482.9829	0.092615681	497.6935	-0.084779858	0	0
484.951	0.089773871	499.6283	-0.085398764	0	0
486.8857	0.091760103	501.5963	-0.085027556	0	0
488.8538	0.092787251	503.5644	-0.084874782	0	0
490.8219	0.094075369	505.5325	-0.084883564	0	0
492.79	0.091092314	507.5006	-0.084527426	0	0
494.7581	0.088014006	509.4354	-0.083583259	0	0
496.6928	0.091719935	511.4034	-0.08214736	0	0
498.6609	0.092791575	513.3715	-0.083484164	0	0
500.629	0.089677511	515.3063	-0.084106347	0	0
502.5637	0.087508728	517.2744	-0.083641379	0	0
504.5318	0.087128947	519.2425	-0.084962181	0	0
506.4999	0.08547139	521.1772	-0.087007236	0	0
508.468	0.083837622	523.1786	-0.08047266	0	0
510.4027	0.085893354	525.1134	-0.078294132	0	0
512.3708	0.085992888	527.0815	-0.079312849	0	0
514.3389	0.084232906	529.0496	-0.084674898	0	0
516.307	0.082478202	531.0176	-0.080546371	0	0
518.2751	0.081025712	532.9524	-0.07934991	0	0
520.2098	0.078702473	534.9205	-0.07929195	0	0
522.1779	0.081281972	536.8886	-0.080716507	0	0
524.146	0.085454523	538.8233	-0.076923339	0	0
526.0807	0.084580811	540.7914	-0.079426123	0	0
528.0488	0.081592028	542.7595	-0.077974268	0	0
530.0169	0.080174894	544.7276	-0.073485147	0	0
531.985	0.081038253	546.6623	-0.075399199	0	0
533.9531	0.079544831	548.6637	-0.076074468	0	0
535.9212	0.080761515	550.5985	-0.075139714	0	0
537.8559	0.081386763	552.5666	-0.071974905	0	0
539.824	0.081144714	554.5347	-0.070422221	0	0
541.7921	0.076705335	556.5028	-0.070365274	0	0
543.7602	0.080737548	558.4375	-0.070645693	0	0
545.6949	0.07979911	560.4056	-0.070577189	0	0
547.663	0.078391096	562.3737	-0.070415537	0	0
549.5978	0.07440934	564.3418	-0.072409091	0	0
551.5658	0.077075039	566.2765	-0.074326472	0	0
553.5339	0.079836172	568.2446	-0.07416784	0	0
555.502	0.075718861	570.2127	-0.074108371	0	0
557.4368	0.075928909	572.1474	-0.073251742	0	0
559.4049	0.074347084	574.1155	-0.071632912	0	0
561.3729	0.075960388	576.0836	-0.072861116	0	0
563.341	0.073341427	578.0517	-0.075602974	0	0
565.3091	0.070245812	579.9864	-0.074532598	0	0
567.2439	0.069233212	581.9545	-0.068625658	0	0
569.212	0.069302823	583.9226	-0.071423209	0	0
571.18	0.067534241	585.8907	-0.071293295	0	0
573.1481	0.068839218	587.8254	-0.070418322	0	0
575.1162	0.068746916	589.7935	-0.07009224	0	0
577.051	0.066419798	591.7616	-0.069953428	0	0
579.019	0.06457807	593.7297	-0.072650281	0	0
580.9871	0.06603938	595.6644	-0.074631763	0	0
582.9552	0.070103239	597.6325	-0.071697523	0	0
584.89	0.067879894	599.6006	-0.068661715	0	0
586.8581	0.067521434	601.5687	-0.072776308	0	0
588.8261	0.067323066	603.5368	-0.075508259	0	0
590.7942	0.067258058	605.4715	-0.074693602	0	0
592.729	0.064927553	607.4396	-0.074365468	0	0
594.6971	0.060384746	609.3744	-0.079099124	0	0
596.6652	0.061636241	611.3424	-0.076008444	0	0
598.6332	0.062935984	613.3105	-0.074479395	0	0
600.6013	0.061441289	615.2786	-0.072871421	0	0
602.5361	0.057660139	617.18	-0.072807502	0	0
604.5042	0.055963096	0	0	0	0
606.4389	0.056408104	0	0	0	0
608.407	0.053519157	0	0	0	0
610.3751	0.050325546	0	0	0	0
612.3432	0.050172714	0	0	0	0
614.3113	0.052856275	0	0	0	0
616.2793	0.054289581	0	0	0	0